r_1,1,18,2
r_2,2,4,9
r_3,3,11,8
r_4,4,4,3
r_5,5,14,9
r_6,6,14,5
r_7,7,7,18
r_8,8,9,3
r_9,9,3,5
r_10,10,1,10
r_11,11,6,5
r_12,12,14,11
r_13,13,14,12
r_14,14,2,9
r_15,15,10,18
r_16,16,15,15
r_17,17,18,16
r_18,18,14,10
r_19,19,7,7
r_20,20,4,5
r_21,21,4,10
r_22,22,10,18
r_23,23,2,12
r_24,24,2,19
r_25,25,9,16
r_26,26,1,3
r_27,27,19,19
r_28,28,11,18
r_29,29,18,17
r_30,30,15,8
r_31,31,14,4
r_32,32,12,14
r_33,33,5,16
r_34,34,17,13
r_35,35,15,13
r_36,36,3,18
r_37,37,1,18
r_38,38,15,10
r_39,39,15,9
r_40,40,17,13
r_41,41,9,6
r_42,42,14,10
r_43,43,14,14
r_44,44,14,4
r_45,45,18,17
r_46,46,1,6
r_47,47,18,19
r_48,48,13,2
r_49,49,11,14
r_50,50,0,4
r_51,51,12,18
r_52,52,7,0
r_53,53,1,8
r_54,54,15,15
r_55,55,18,15
r_56,56,8,13
r_57,57,7,12
r_58,58,5,16
r_59,59,3,17
r_60,60,11,6
r_61,61,11,3
r_62,62,16,9
r_63,63,14,14
r_64,64,12,14
r_65,65,5,19
r_66,66,12,16
r_67,67,12,12
r_68,68,7,6
r_69,69,7,9
r_70,70,11,15
r_71,71,4,19
r_72,72,8,12
r_73,73,12,8
r_74,74,16,13
r_75,75,11,14
r_76,76,10,7
r_77,77,10,16
r_78,78,6,12
r_79,79,16,3
r_80,80,5,2
r_81,81,0,19
r_82,82,10,18
r_83,83,8,19
r_84,84,3,16
r_85,85,12,0
r_86,86,7,13
r_87,87,9,14
r_88,88,10,11
r_89,89,18,4
r_90,90,11,12
r_91,91,11,0
r_92,92,3,16
r_93,93,2,3
r_94,94,0,13
r_95,95,13,8
r_96,96,8,18
r_97,97,9,5
r_98,98,11,3
r_99,99,7,7
